$ANSIBLE_VAULT;1.1;AES256
31633332376535633937623666613066343037646139353032366165333139623162656462663337
3665326632396464653562323332643061316132653764620a636533316336366134306630323733
66373663653161363838383836613665623465303938666232313165376534646230336461333636
6632656466373939610a643566326539623661336235643563623765323635363264636662366664
64326339323834336138663964306335616432386137623332616166333136356665626162343962
64303063393730616530376239363930316332656437626565356338313662373734356630663135
30323637353435623462613939383562646362373336633838386635343839393132626363656566
33383333653861663562366236353965346236393163366366653765386534303866316162346561
31363230663039303462333431343666643165336534626332626563323861626338303739343332
63636232353062613664366236636339303863316162663632306365343633303037366362336136
64333339646661633739303136626537646431343962656136313836323937386337393738633136
62613633393432346561313338663139653763366133396533656161303262313637363862343466
61343137346634633062376465643036626664326166303461613832373565626330616239626464
31633264316135336132343430306430393164313561666563626436643139373530386165383363
62373064666461366665313066313364663633646435353064623265313765663437343464653531
33653037623562643938313236633466323134383234386330383936316635643963346230353164
62313737336238333437363736663030653237633831366431656665323437643530613361356566
33646637653039386431343436376233643766396636616432353030393334636466646463383961
38633635613132333939373837383839363130653363303664343833623533363539346636373934
37396431353539383466323135363765616634653965646138383061316630313966666465623338
33366639633461316665333938393133633734373234366431663033623638633139393764316664
32393933663133353037333339336263353262373566343865376339333538643463353039666430
31623163353235623238623132323662396663333136316535643063336534353239303164656563
34356138313033626630393237383936343932393535633965336365343333356364656532376566
33623830356335613462626139313364306637363666333031353331353565623364613233623361
66653738376335303133626662386662623431323561663961373133326139396530333334633465
31656135386338663330396536623965313936323364646161386138353262313739353530623931
30316430353332316438323362386438393931313635326566353163306561393662353865393861
30313436323636663766666233323336393239373263373363313439306566643934663033623735
30373663393339623938373161343933343563373130383161376236363061326236333539353564
64626134623234353133306131316333346139343536633262376634303036626466663236396130
66306538343062323634633762373830643365323961386431306234663130323133633235386565
37326262633434623631393363346335353262643437306230393862623862383563
